1.000000E+04   5.590000E-20
1.047000E+04   3.090000E-20
1.097000E+04   2.860000E-20
1.149000E+04   3.410000E-20
1.203000E+04   4.510000E-20
1.260000E+04   6.160000E-20
1.320000E+04   8.390000E-20
1.383000E+04   1.110000E-19
1.448000E+04   1.410000E-19
1.517000E+04   1.670000E-19
1.589000E+04   1.860000E-19
1.664000E+04   1.940000E-19
1.743000E+04   1.920000E-19
1.825000E+04   1.820000E-19
1.912000E+04   1.700000E-19
2.002000E+04   1.550000E-19
2.097000E+04   1.430000E-19
2.196000E+04   1.310000E-19
2.300000E+04   1.210000E-19
2.409000E+04   1.140000E-19
2.524000E+04   1.080000E-19
2.643000E+04   1.030000E-19
2.768000E+04   1.000000E-19
2.899000E+04   9.850000E-20
3.037000E+04   9.770000E-20
3.181000E+04   9.770000E-20
3.331000E+04   9.880000E-20
3.489000E+04   1.010000E-19
3.654000E+04   1.040000E-19
3.828000E+04   1.080000E-19
4.009000E+04   1.140000E-19
4.199000E+04   1.210000E-19
4.398000E+04   1.290000E-19
4.606000E+04   1.380000E-19
4.824000E+04   1.490000E-19
5.053000E+04   1.620000E-19
5.292000E+04   1.770000E-19
5.543000E+04   1.940000E-19
5.805000E+04   2.130000E-19
6.080000E+04   2.350000E-19
6.368000E+04   2.590000E-19
6.670000E+04   2.850000E-19
6.986000E+04   3.120000E-19
7.317000E+04   3.370000E-19
7.663000E+04   3.610000E-19
8.026000E+04   3.800000E-19
8.407000E+04   3.970000E-19
8.805000E+04   4.100000E-19
9.222000E+04   4.200000E-19
9.659000E+04   4.280000E-19
1.012000E+05   4.320000E-19
1.060000E+05   4.320000E-19
1.110000E+05   4.270000E-19
1.162000E+05   4.200000E-19
1.217000E+05   4.110000E-19
1.275000E+05   4.030000E-19
1.335000E+05   3.990000E-19
1.399000E+05   3.990000E-19
1.465000E+05   4.020000E-19
1.534000E+05   4.080000E-19
1.607000E+05   4.150000E-19
1.683000E+05   4.220000E-19
1.763000E+05   4.290000E-19
1.846000E+05   4.350000E-19
1.934000E+05   4.410000E-19
2.026000E+05   4.470000E-19
2.121000E+05   4.540000E-19
2.222000E+05   4.600000E-19
2.327000E+05   4.640000E-19
2.437000E+05   4.620000E-19
2.553000E+05   4.520000E-19
2.674000E+05   4.330000E-19
2.800000E+05   4.030000E-19
2.933000E+05   3.670000E-19
3.072000E+05   3.310000E-19
3.218000E+05   3.000000E-19
3.370000E+05   2.760000E-19
3.530000E+05   2.590000E-19
3.697000E+05   2.480000E-19
3.872000E+05   2.410000E-19
4.056000E+05   2.380000E-19
4.248000E+05   2.360000E-19
4.449000E+05   2.340000E-19
4.660000E+05   2.330000E-19
4.880000E+05   2.300000E-19
5.111000E+05   2.260000E-19
5.354000E+05   2.200000E-19
5.607000E+05   2.100000E-19
5.873000E+05   1.980000E-19
6.151000E+05   1.860000E-19
6.442000E+05   1.730000E-19
6.748000E+05   1.640000E-19
7.067000E+05   1.550000E-19
7.402000E+05   1.510000E-19
7.753000E+05   1.470000E-19
8.120000E+05   1.460000E-19
8.504000E+05   1.440000E-19
8.907000E+05   1.440000E-19
9.329000E+05   1.430000E-19
9.771000E+05   1.410000E-19
1.000000E+06   1.410000E-19
1.047000E+06   1.380000E-19
1.096000E+06   1.360000E-19
1.148000E+06   1.330000E-19
1.202000E+06   1.300000E-19
1.259000E+06   1.280000E-19
1.318000E+06   1.250000E-19
1.380000E+06   1.230000E-19
1.445000E+06   1.200000E-19
1.514000E+06   1.170000E-19
1.585000E+06   1.130000E-19
1.660000E+06   1.090000E-19
1.738000E+06   1.040000E-19
1.820000E+06   9.800000E-20
1.906000E+06   9.230000E-20
1.995000E+06   8.640000E-20
2.089000E+06   8.050000E-20
2.188000E+06   7.530000E-20
2.291000E+06   7.050000E-20
2.399000E+06   6.610000E-20
2.512000E+06   6.210000E-20
2.630000E+06   5.820000E-20
2.754000E+06   5.480000E-20
2.884000E+06   5.150000E-20
3.020000E+06   4.850000E-20
3.162000E+06   4.580000E-20
3.311000E+06   4.340000E-20
3.467000E+06   4.130000E-20
3.631000E+06   3.960000E-20
3.802000E+06   3.810000E-20
3.981000E+06   3.690000E-20
4.169000E+06   3.580000E-20
4.365000E+06   3.480000E-20
4.571000E+06   3.400000E-20
4.786000E+06   3.320000E-20
5.012000E+06   3.260000E-20
5.248000E+06   3.190000E-20
5.495000E+06   3.140000E-20
5.754000E+06   3.090000E-20
6.026000E+06   3.060000E-20
6.310000E+06   3.030000E-20
6.607000E+06   3.010000E-20
6.918000E+06   2.990000E-20
7.244000E+06   2.990000E-20
7.586000E+06   2.980000E-20
7.943000E+06   2.980000E-20
8.318000E+06   2.970000E-20
8.710000E+06   2.960000E-20
9.120000E+06   2.950000E-20
9.550000E+06   2.940000E-20
1.000000E+07   2.920000E-20
1.047000E+07   2.890000E-20
1.096000E+07   2.860000E-20
1.148000E+07   2.820000E-20
1.202000E+07   2.750000E-20
1.259000E+07   2.690000E-20
1.318000E+07   2.620000E-20
1.380000E+07   2.540000E-20
1.445000E+07   2.460000E-20
1.514000E+07   2.370000E-20
1.585000E+07   2.300000E-20
1.660000E+07   2.220000E-20
1.738000E+07   2.150000E-20
1.820000E+07   2.090000E-20
1.906000E+07   2.040000E-20
1.995000E+07   2.000000E-20
2.089000E+07   1.960000E-20
2.188000E+07   1.930000E-20
2.291000E+07   1.910000E-20
2.399000E+07   1.900000E-20
2.512000E+07   1.890000E-20
2.630000E+07   1.890000E-20
2.754000E+07   1.890000E-20
2.884000E+07   1.900000E-20
3.020000E+07   1.910000E-20
3.162000E+07   1.920000E-20
3.311000E+07   1.940000E-20
3.467000E+07   1.970000E-20
3.631000E+07   2.000000E-20
3.802000E+07   2.030000E-20
3.981000E+07   2.060000E-20
4.169000E+07   2.090000E-20
4.365000E+07   2.120000E-20
4.571000E+07   2.160000E-20
4.786000E+07   2.200000E-20
5.012000E+07   2.240000E-20
5.248000E+07   2.270000E-20
5.495000E+07   2.310000E-20
5.754000E+07   2.340000E-20
6.026000E+07   2.380000E-20
6.310000E+07   2.410000E-20
6.607000E+07   2.440000E-20
6.918000E+07   2.470000E-20
7.244000E+07   2.500000E-20
7.586000E+07   2.520000E-20
7.943000E+07   2.550000E-20
8.318000E+07   2.560000E-20
8.710000E+07   2.580000E-20
9.120000E+07   2.590000E-20
9.550000E+07   2.600000E-20
1.000000E+08   2.610000E-20
