9.911000E+03   7.340400E-21
1.011900E+04   7.940300E-21
1.033000E+04   8.619800E-21
1.054700E+04   9.391300E-21
1.076700E+04   1.027000E-20
1.099300E+04   1.127200E-20
1.122300E+04   1.242000E-20
1.145800E+04   1.373400E-20
1.169800E+04   1.524100E-20
1.194300E+04   1.696500E-20
1.219300E+04   1.894800E-20
1.244800E+04   2.122100E-20
1.270800E+04   2.382200E-20
1.297400E+04   2.678700E-20
1.324600E+04   3.017600E-20
1.352300E+04   3.398400E-20
1.380600E+04   3.826300E-20
1.409500E+04   4.300100E-20
1.439000E+04   4.819200E-20
1.469200E+04   5.378400E-20
1.499900E+04   5.970000E-20
1.531300E+04   6.575200E-20
1.563400E+04   7.174600E-20
1.596100E+04   8.253300E-20
1.629500E+04   8.975200E-20
1.663600E+04   9.658300E-20
1.698400E+04   1.027700E-19
1.734000E+04   1.081100E-19
1.770300E+04   1.125600E-19
1.807400E+04   1.158000E-19
1.845200E+04   1.179700E-19
1.883800E+04   1.191500E-19
1.923200E+04   1.194700E-19
1.963500E+04   1.191000E-19
2.004600E+04   1.182000E-19
2.046600E+04   1.169200E-19
2.089400E+04   1.154200E-19
2.133200E+04   1.138100E-19
2.177800E+04   1.121800E-19
2.223400E+04   1.106100E-19
2.269900E+04   1.091500E-19
2.317500E+04   1.078600E-19
2.366000E+04   1.067600E-19
2.415500E+04   1.058900E-19
2.466100E+04   1.052400E-19
2.517700E+04   1.048400E-19
2.570400E+04   1.047000E-19
2.624200E+04   1.048200E-19
2.679100E+04   1.052000E-19
2.735200E+04   1.059300E-19
2.792500E+04   1.068500E-19
2.850900E+04   1.079900E-19
2.910600E+04   1.093600E-19
2.971500E+04   1.110900E-19
3.033700E+04   1.130800E-19
3.097200E+04   1.152800E-19
3.162100E+04   1.176500E-19
3.228300E+04   1.202300E-19
3.295800E+04   1.230200E-19
3.364800E+04   1.259300E-19
3.435300E+04   1.290600E-19
3.507200E+04   1.323700E-19
3.580600E+04   1.359100E-19
3.655600E+04   1.395300E-19
3.732100E+04   1.434900E-19
3.810200E+04   1.475300E-19
3.890000E+04   1.518400E-19
3.971400E+04   1.564800E-19
4.054500E+04   1.612400E-19
4.139400E+04   1.663500E-19
4.226000E+04   1.718400E-19
4.314500E+04   1.775600E-19
4.404800E+04   1.836900E-19
4.497000E+04   1.901700E-19
4.591200E+04   1.970300E-19
4.687300E+04   2.043000E-19
4.785400E+04   2.119100E-19
4.885600E+04   2.200600E-19
4.987800E+04   2.286900E-19
5.092300E+04   2.383600E-19
5.198900E+04   2.482400E-19
5.307700E+04   2.585400E-19
5.418800E+04   2.694400E-19
5.532200E+04   2.809700E-19
5.648000E+04   2.931300E-19
5.766300E+04   3.059900E-19
5.887000E+04   3.195900E-19
6.010200E+04   3.338700E-19
6.136000E+04   3.488700E-19
6.264500E+04   3.645600E-19
6.395600E+04   3.806800E-19
6.529500E+04   3.976900E-19
6.666200E+04   4.153000E-19
6.805700E+04   4.334400E-19
6.948200E+04   4.518300E-19
7.093600E+04   4.703700E-19
7.242100E+04   4.888900E-19
7.393700E+04   5.070200E-19
7.548500E+04   5.251600E-19
7.706500E+04   5.428800E-19
7.867800E+04   5.601300E-19
8.032500E+04   5.768700E-19
8.200700E+04   5.930300E-19
8.372300E+04   6.085800E-19
8.547600E+04   6.234400E-19
8.726500E+04   6.375300E-19
8.909200E+04   6.507100E-19
9.095700E+04   6.628500E-19
9.286100E+04   6.737600E-19
9.480500E+04   6.832400E-19
9.679000E+04   6.911400E-19
9.881600E+04   6.972800E-19
1.008800E+05   7.010900E-19
1.030000E+05   7.035300E-19
1.051500E+05   7.034800E-19
1.073500E+05   7.022900E-19
1.096000E+05   7.002500E-19
1.118900E+05   6.974100E-19
1.142400E+05   6.942000E-19
1.166300E+05   6.910500E-19
1.190700E+05   6.883500E-19
1.215600E+05   6.864000E-19
1.241100E+05   6.854400E-19
1.267100E+05   6.856000E-19
1.293600E+05   6.869500E-19
1.320700E+05   6.894900E-19
1.348300E+05   6.931600E-19
1.376500E+05   6.978600E-19
1.405300E+05   7.034600E-19
1.434800E+05   7.098400E-19
1.464800E+05   7.168100E-19
1.495500E+05   7.242300E-19
1.526800E+05   7.319300E-19
1.558700E+05   7.397200E-19
1.591300E+05   7.474600E-19
1.624700E+05   7.549900E-19
1.658700E+05   7.621900E-19
1.693400E+05   7.689700E-19
1.728800E+05   7.752900E-19
1.765000E+05   7.811500E-19
1.802000E+05   7.866100E-19
1.839700E+05   7.917500E-19
1.878200E+05   7.967000E-19
1.917500E+05   7.986000E-19
1.957700E+05   8.036900E-19
1.998600E+05   8.088800E-19
2.040500E+05   8.141500E-19
2.083200E+05   8.194400E-19
2.126800E+05   8.246100E-19
2.171300E+05   8.294600E-19
2.216800E+05   8.337400E-19
2.263200E+05   8.371000E-19
2.310600E+05   8.391500E-19
2.358900E+05   8.394300E-19
2.408300E+05   8.374200E-19
2.458700E+05   8.326100E-19
2.510200E+05   8.244700E-19
2.562700E+05   8.125600E-19
2.616400E+05   7.965500E-19
2.671200E+05   7.763300E-19
2.727100E+05   7.520400E-19
2.784200E+05   7.240700E-19
2.842400E+05   6.931100E-19
2.901900E+05   6.600500E-19
2.962700E+05   6.258900E-19
3.024700E+05   5.916500E-19
3.088000E+05   5.582300E-19
3.152700E+05   5.263900E-19
3.218700E+05   4.966700E-19
3.286000E+05   4.694200E-19
3.354800E+05   4.447900E-19
3.425100E+05   4.228100E-19
3.496800E+05   4.033800E-19
3.570000E+05   3.862900E-19
3.644700E+05   3.715400E-19
3.721000E+05   3.586800E-19
3.798900E+05   3.477400E-19
3.878400E+05   3.383100E-19
3.959600E+05   3.303600E-19
4.042500E+05   3.235800E-19
4.127100E+05   3.179500E-19
4.213500E+05   3.132200E-19
4.301700E+05   3.093200E-19
4.391700E+05   3.060800E-19
4.483700E+05   3.033800E-19
4.577500E+05   3.011000E-19
4.673300E+05   2.991200E-19
4.771200E+05   2.973400E-19
4.871000E+05   2.956300E-19
4.973000E+05   2.938800E-19
5.077100E+05   2.916700E-19
5.183400E+05   2.891600E-19
5.291900E+05   2.863000E-19
5.402700E+05   2.830000E-19
5.515800E+05   2.792000E-19
5.631200E+05   2.748600E-19
5.749100E+05   2.699900E-19
5.869500E+05   2.646600E-19
5.992300E+05   2.589700E-19
6.117800E+05   2.530800E-19
6.245800E+05   2.471700E-19
6.376600E+05   2.414400E-19
6.510100E+05   2.360300E-19
6.646300E+05   2.310700E-19
6.785500E+05   2.266600E-19
6.927500E+05   2.228400E-19
7.072500E+05   2.196000E-19
7.220600E+05   2.169200E-19
7.371700E+05   2.147300E-19
7.526000E+05   2.129800E-19
7.683600E+05   2.115800E-19
7.844400E+05   2.104500E-19
8.008600E+05   2.095300E-19
8.176300E+05   2.087200E-19
8.347400E+05   2.079700E-19
8.522200E+05   2.072100E-19
8.700600E+05   2.063800E-19
8.882700E+05   2.054300E-19
9.068700E+05   2.043200E-19
9.258500E+05   2.030300E-19
9.452300E+05   2.015500E-19
9.650200E+05   1.998700E-19
9.852200E+05   1.980100E-19
1.005800E+06   1.960000E-19
1.026900E+06   1.938700E-19
1.048400E+06   1.916600E-19
1.070300E+06   1.895100E-19
1.092700E+06   1.871600E-19
1.115600E+06   1.848300E-19
1.139000E+06   1.825300E-19
1.162800E+06   1.802900E-19
1.187200E+06   1.781000E-19
1.212000E+06   1.759600E-19
1.237400E+06   1.738500E-19
1.263300E+06   1.717800E-19
1.289700E+06   1.697200E-19
1.316700E+06   1.676600E-19
1.344300E+06   1.655700E-19
1.372400E+06   1.634300E-19
1.401200E+06   1.612300E-19
1.430500E+06   1.589300E-19
1.460400E+06   1.565100E-19
1.491000E+06   1.539600E-19
1.522200E+06   1.512500E-19
1.554100E+06   1.483700E-19
1.586600E+06   1.453100E-19
1.619800E+06   1.420700E-19
1.653700E+06   1.386300E-19
1.688400E+06   1.350000E-19
1.723700E+06   1.311900E-19
1.759800E+06   1.272100E-19
1.796600E+06   1.230900E-19
1.834200E+06   1.188200E-19
1.872600E+06   1.144600E-19
1.911800E+06   1.100300E-19
1.951800E+06   1.055700E-19
1.992700E+06   1.011200E-19
2.034400E+06   9.671200E-20
2.077000E+06   9.239300E-20
2.120500E+06   8.819200E-20
2.164900E+06   8.413500E-20
2.210200E+06   8.024000E-20
2.256500E+06   7.652100E-20
2.303700E+06   7.297600E-20
2.351900E+06   6.963100E-20
2.401100E+06   6.644300E-20
2.451400E+06   6.345300E-20
2.502700E+06   6.064200E-20
2.555100E+06   5.801400E-20
2.608600E+06   5.556600E-20
2.663200E+06   5.329400E-20
2.719000E+06   5.119200E-20
2.775900E+06   4.925300E-20
2.834000E+06   4.746700E-20
2.893300E+06   4.582500E-20
2.953900E+06   4.432100E-20
3.015700E+06   4.293700E-20
3.078800E+06   4.166600E-20
3.143300E+06   4.050200E-20
3.209100E+06   3.943400E-20
3.276300E+06   3.845500E-20
3.344900E+06   3.755700E-20
3.414900E+06   3.673800E-20
3.486400E+06   3.599100E-20
3.559300E+06   3.531000E-20
3.633800E+06   3.469500E-20
3.709900E+06   3.414400E-20
3.787600E+06   3.363800E-20
3.866900E+06   3.319400E-20
3.947800E+06   3.279200E-20
4.030400E+06   3.244600E-20
4.114800E+06   3.213300E-20
4.201000E+06   3.186900E-20
4.288900E+06   3.163700E-20
4.378700E+06   3.144500E-20
4.470300E+06   3.127600E-20
4.563900E+06   3.114400E-20
4.659400E+06   3.103200E-20
4.757000E+06   3.095200E-20
4.856600E+06   3.088700E-20
4.958200E+06   3.085200E-20
5.062000E+06   3.082800E-20
5.168000E+06   3.082800E-20
5.276200E+06   3.083900E-20
5.386600E+06   3.087000E-20
5.499400E+06   3.091000E-20
5.614500E+06   3.096400E-20
5.732000E+06   3.101900E-20
5.852000E+06   3.108800E-20
5.974500E+06   3.115800E-20
6.099600E+06   3.123600E-20
6.227300E+06   3.131200E-20
6.357600E+06   3.139300E-20
6.490700E+06   3.146600E-20
6.626600E+06   3.154300E-20
6.765300E+06   3.160600E-20
6.906900E+06   3.167400E-20
7.051500E+06   3.172900E-20
7.199100E+06   3.178200E-20
7.349800E+06   3.182300E-20
7.503700E+06   3.186000E-20
7.660700E+06   3.188200E-20
7.821100E+06   3.190000E-20
7.984800E+06   3.190300E-20
8.152000E+06   3.190000E-20
8.322600E+06   3.188100E-20
8.496800E+06   3.185700E-20
8.674700E+06   3.181700E-20
8.856300E+06   3.176200E-20
9.041700E+06   3.169700E-20
9.231000E+06   3.161500E-20
9.424200E+06   3.151400E-20
9.621500E+06   3.140000E-20
9.822900E+06   3.126400E-20
1.002900E+07   3.110800E-20
1.023800E+07   3.093300E-20
1.045300E+07   3.073400E-20
1.067200E+07   3.050800E-20
1.089500E+07   3.026100E-20
1.112300E+07   2.999000E-20
1.135600E+07   2.969400E-20
1.159400E+07   2.937500E-20
1.183600E+07   2.903400E-20
1.208400E+07   2.867300E-20
1.233700E+07   2.829100E-20
1.259500E+07   2.789600E-20
1.285900E+07   2.749000E-20
1.312800E+07   2.707200E-20
1.340300E+07   2.665300E-20
1.368300E+07   2.623200E-20
1.397000E+07   2.581300E-20
1.426200E+07   2.540300E-20
1.456100E+07   2.500100E-20
1.486600E+07   2.461300E-20
1.517700E+07   2.423800E-20
1.549500E+07   2.388200E-20
1.581900E+07   2.354400E-20
1.615000E+07   2.322500E-20
1.648800E+07   2.292700E-20
1.683300E+07   2.265000E-20
1.718600E+07   2.239400E-20
1.754500E+07   2.216000E-20
1.791300E+07   2.194400E-20
1.828800E+07   2.174800E-20
1.867100E+07   2.157000E-20
1.906100E+07   2.140900E-20
1.946000E+07   2.128100E-20
1.986800E+07   2.115600E-20
2.028400E+07   2.104600E-20
2.070800E+07   2.098800E-20
2.114200E+07   2.091200E-20
2.158400E+07   2.084900E-20
2.203600E+07   2.079900E-20
2.249700E+07   2.076100E-20
2.296800E+07   2.073400E-20
2.344900E+07   2.071900E-20
2.394000E+07   2.071300E-20
2.444100E+07   2.071800E-20
2.495300E+07   2.073100E-20
2.547500E+07   2.075400E-20
2.600800E+07   2.078900E-20
2.655300E+07   2.082900E-20
2.710900E+07   2.087600E-20
2.767600E+07   2.093100E-20
2.825600E+07   2.099300E-20
2.884700E+07   2.106200E-20
2.945100E+07   2.113700E-20
3.006700E+07   2.121900E-20
3.069700E+07   2.130700E-20
3.133900E+07   2.140100E-20
3.199500E+07   2.150000E-20
3.266500E+07   2.160500E-20
3.334900E+07   2.171600E-20
3.404700E+07   2.183100E-20
3.476000E+07   2.195200E-20
3.548800E+07   2.207700E-20
3.623000E+07   2.220700E-20
3.698900E+07   2.234200E-20
3.776300E+07   2.248200E-20
3.855400E+07   2.262500E-20
3.936100E+07   2.277300E-20
4.018500E+07   2.292500E-20
4.102600E+07   2.308100E-20
4.188500E+07   2.324100E-20
4.276100E+07   2.340500E-20
4.365700E+07   2.357200E-20
4.457000E+07   2.374300E-20
4.550300E+07   2.391800E-20
4.645600E+07   2.409700E-20
4.742800E+07   2.427900E-20
4.842100E+07   2.446400E-20
4.943500E+07   2.465300E-20
5.047000E+07   2.484400E-20
5.152600E+07   2.504000E-20
5.260500E+07   2.523700E-20
5.370600E+07   2.543900E-20
5.483000E+07   2.564200E-20
5.597800E+07   2.584900E-20
5.715000E+07   2.605800E-20
5.834600E+07   2.627100E-20
5.956800E+07   2.648600E-20
6.081400E+07   2.670400E-20
6.208700E+07   2.692300E-20
6.338700E+07   2.714600E-20
6.471400E+07   2.737100E-20
6.606900E+07   2.759900E-20
6.745200E+07   2.782900E-20
6.886400E+07   2.806200E-20
7.030500E+07   2.829600E-20
7.177700E+07   2.853400E-20
7.328000E+07   2.877300E-20
7.481400E+07   2.901600E-20
7.638000E+07   2.926000E-20
7.797900E+07   2.950700E-20
7.961100E+07   2.975600E-20
8.127700E+07   3.000700E-20
8.297900E+07   3.026100E-20
8.471600E+07   3.051800E-20
8.648900E+07   3.077600E-20
8.830000E+07   3.103700E-20
9.014800E+07   3.130000E-20
9.203500E+07   3.156600E-20
9.396200E+07   3.183400E-20
9.592900E+07   3.210500E-20
9.793700E+07   3.237900E-20
9.998700E+07   3.265500E-20
1.020800E+08   3.293400E-20
1.042200E+08   3.321600E-20
1.064000E+08   3.350000E-20
1.086300E+08   3.378800E-20
1.109000E+08   3.407800E-20
1.132200E+08   3.437200E-20
1.155900E+08   3.466800E-20
1.180100E+08   3.496800E-20
1.204800E+08   3.527100E-20
1.230000E+08   3.557700E-20
1.255800E+08   3.588700E-20
1.282100E+08   3.620000E-20
1.308900E+08   3.651600E-20
1.336300E+08   3.683700E-20
1.364300E+08   3.716000E-20
1.392800E+08   3.748800E-20
1.422000E+08   3.781900E-20
1.451800E+08   3.815400E-20
1.482200E+08   3.849300E-20
1.513200E+08   3.883600E-20
1.544900E+08   3.918300E-20
1.577200E+08   3.953400E-20
1.610200E+08   3.989000E-20
1.643900E+08   4.024900E-20
1.678300E+08   4.061300E-20
1.713500E+08   4.098200E-20
1.749300E+08   4.135400E-20
1.785900E+08   4.173200E-20
1.823300E+08   4.211400E-20
1.861500E+08   4.250000E-20
1.900500E+08   4.289200E-20
1.940300E+08   4.328800E-20
1.980900E+08   4.368900E-20
2.022300E+08   4.409400E-20
2.064700E+08   4.450500E-20
2.107900E+08   4.492100E-20
2.152000E+08   4.534200E-20
2.197100E+08   4.576800E-20
2.243100E+08   4.619900E-20
2.290000E+08   4.663500E-20
2.337900E+08   4.707700E-20
2.386900E+08   4.752500E-20
2.436900E+08   4.797700E-20
2.487900E+08   4.843600E-20
2.539900E+08   4.889900E-20
2.593100E+08   4.936900E-20
2.647400E+08   4.984400E-20
2.702800E+08   5.032600E-20
2.759400E+08   5.081300E-20
2.817200E+08   5.130600E-20
2.876100E+08   5.180500E-20
2.936300E+08   5.231000E-20
2.997800E+08   5.282200E-20
3.060600E+08   5.333900E-20
3.124600E+08   5.386300E-20
3.190000E+08   5.439399E-20
3.256800E+08   5.493100E-20
3.325000E+08   5.547500E-20
3.394600E+08   5.602500E-20
3.465600E+08   5.658300E-20
3.538200E+08   5.714700E-20
3.612300E+08   5.771800E-20
3.687900E+08   5.829600E-20
3.765100E+08   5.888200E-20
3.843900E+08   5.947400E-20
3.924400E+08   6.007400E-20
4.006500E+08   6.068300E-20
4.090400E+08   6.129800E-20
4.176000E+08   6.192000E-20
4.263400E+08   6.255100E-20
4.352700E+08   6.318900E-20
4.443800E+08   6.383600E-20
4.536800E+08   6.449000E-20
4.631800E+08   6.515400E-20
4.728700E+08   6.582500E-20
4.827700E+08   6.650600E-20
4.928800E+08   6.719500E-20
5.032000E+08   6.789300E-20
5.137300E+08   6.860100E-20
5.244800E+08   6.931700E-20
5.354600E+08   7.004300E-20
5.466700E+08   7.077900E-20
5.581200E+08   7.152400E-20
5.698000E+08   7.227900E-20
5.817300E+08   7.304400E-20
5.939000E+08   7.382000E-20
6.063400E+08   7.460600E-20
6.190300E+08   7.540200E-20
6.319900E+08   7.621000E-20
6.452200E+08   7.702800E-20
6.587200E+08   7.785800E-20
6.725100E+08   7.870000E-20
6.865900E+08   7.955300E-20
7.009600E+08   8.041800E-20
7.156400E+08   8.129500E-20
7.306200E+08   8.218500E-20
7.459100E+08   8.308800E-20
7.615300E+08   8.400300E-20
7.774700E+08   8.493200E-20
7.937400E+08   8.587500E-20
8.103600E+08   8.683100E-20
8.273200E+08   8.780200E-20
8.446400E+08   8.878700E-20
8.623200E+08   8.978700E-20
8.803700E+08   9.080200E-20
8.988000E+08   9.183200E-20
9.176100E+08   9.287900E-20
9.368200E+08   9.394200E-20
9.564300E+08   9.502100E-20
9.764600E+08   9.611800E-20
9.969000E+08   9.723200E-20
1.017800E+09   9.836500E-20
1.039100E+09   9.951500E-20
1.060800E+09   1.006800E-19
1.083000E+09   1.018700E-19
1.105700E+09   1.030800E-19
1.128800E+09   1.043100E-19
1.152500E+09   1.055600E-19
1.176600E+09   1.068300E-19
1.201200E+09   1.081300E-19
1.226400E+09   1.094400E-19
1.252000E+09   1.107800E-19
1.278300E+09   1.121500E-19
1.305000E+09   1.135300E-19
1.332300E+09   1.149500E-19
1.360200E+09   1.163900E-19
1.388700E+09   1.178500E-19
1.417800E+09   1.193500E-19
1.447400E+09   1.208700E-19
1.477700E+09   1.224200E-19
1.508700E+09   1.240000E-19
1.540300E+09   1.256100E-19
1.572500E+09   1.272600E-19
1.605400E+09   1.289400E-19
1.639000E+09   1.306500E-19
1.673300E+09   1.323900E-19
1.708400E+09   1.341800E-19
1.744100E+09   1.359900E-19
1.780600E+09   1.378500E-19
1.817900E+09   1.397500E-19
1.856000E+09   1.416900E-19
1.894800E+09   1.436700E-19
1.934500E+09   1.456900E-19
1.975000E+09   1.477600E-19
2.016300E+09   1.498800E-19
2.058500E+09   1.520400E-19
2.101600E+09   1.542500E-19
2.145600E+09   1.565200E-19
2.190500E+09   1.588400E-19
2.236400E+09   1.612100E-19
2.283200E+09   1.636400E-19
2.331000E+09   1.661200E-19
2.379800E+09   1.686700E-19
2.429600E+09   1.712800E-19
2.480500E+09   1.739600E-19
2.532400E+09   1.767000E-19
2.585400E+09   1.795200E-19
2.639500E+09   1.824000E-19
2.694800E+09   1.853600E-19
2.751200E+09   1.884000E-19
2.808800E+09   1.915100E-19
2.867600E+09   1.947100E-19
2.927600E+09   1.980000E-19
2.988900E+09   2.013800E-19
3.051500E+09   2.048400E-19
3.115300E+09   2.084100E-19
3.180500E+09   2.120700E-19
3.247100E+09   2.158400E-19
3.315100E+09   2.197100E-19
3.384500E+09   2.236900E-19
3.455300E+09   2.277900E-19
3.527700E+09   2.320100E-19
3.601500E+09   2.363500E-19
3.676900E+09   2.408200E-19
3.753900E+09   2.454200E-19
3.832500E+09   2.501600E-19
3.912700E+09   2.550500E-19
3.994600E+09   2.600800E-19
4.078200E+09   2.652700E-19
4.163600E+09   2.706200E-19
4.250700E+09   2.761400E-19
4.339700E+09   2.818300E-19
4.430600E+09   2.877000E-19
4.523300E+09   2.937600E-19
4.618000E+09   3.000100E-19
4.714700E+09   3.064700E-19
4.813400E+09   3.131300E-19
4.914100E+09   3.200200E-19
5.017000E+09   3.271300E-19
5.122000E+09   3.344700E-19
5.229200E+09   3.420600E-19
5.338700E+09   3.499100E-19
5.450500E+09   3.580200E-19
5.564600E+09   3.664000E-19
5.681000E+09   3.750800E-19
5.800000E+09   3.840500E-19
5.921400E+09   3.933200E-19
6.045300E+09   4.029300E-19
6.171900E+09   4.128600E-19
6.301100E+09   4.231500E-19
6.433000E+09   4.337900E-19
6.567600E+09   4.448200E-19
6.705100E+09   4.562400E-19
6.845500E+09   4.680600E-19
6.988800E+09   4.803100E-19
7.135100E+09   4.930000E-19
7.284400E+09   5.061500E-19
7.436900E+09   5.197800E-19
7.592600E+09   5.339000E-19
7.751500E+09   5.485500E-19
7.913800E+09   5.637300E-19
8.079500E+09   5.794700E-19
8.248600E+09   5.958000E-19
8.421300E+09   6.127400E-19
8.597600E+09   6.303000E-19
8.777500E+09   6.485300E-19
8.961300E+09   6.674400E-19
9.148900E+09   6.870700E-19
9.340400E+09   7.074400E-19
9.535900E+09   7.285800E-19
9.735500E+09   7.505300E-19
